1000
1
05.13
70.32
45.26
51.17
48.32
89.08
40.13
58.51
75.31
80.62
05.70
27.55
71.82
18.72
39.11
16.12
19.86
05.73
15.73
71.43
06.49
34.28
42.56
46.80
51.61
25.75
18.22
67.84
08.51
08.54
04.03
13.64
78.85
49.29
64.81
27.18
38.37
04.94
85.69
13.68
85.56
91.38
41.23
57.38
10.10
80.34
73.50
29.96
86.07
89.23
01.39
92.56
23.51
43.95
39.36
75.12
69.70
57.58
42.96
78.21
66.11
46.99
91.85
44.97
96.28
56.66
72.14
34.65
61.60
57.83
48.34
47.17
49.21
89.57
04.55
59.31
69.91
78.05
89.28
55.98
67.29
90.67
48.55
90.80
34.61
87.90
65.92
04.31
45.48
08.88
82.52
11.60
55.87
74.37
56.56
52.15
31.03
28.70
86.80
92.63
86.53
35.14
39.80
35.74
24.71
44.35
95.05
94.62
22.41
84.33
50.61
89.69
75.00
99.15
80.49
09.61
87.06
46.41
13.92
32.54
55.29
96.43
44.14
11.16
70.81
00.70
63.31
01.84
29.40
50.12
94.47
15.94
85.26
34.27
51.68
09.97
78.62
46.73
04.59
01.03
31.06
55.20
90.72
06.06
54.35
71.21
15.67
41.41
17.63
29.58
73.95
72.92
26.02
18.09
84.08
96.82
18.79
47.40
98.66
48.19
97.51
93.13
64.13
82.77
27.40
15.81
92.74
06.03
62.54
97.34
07.05
93.61
52.54
97.78
99.67
06.89
68.99
15.34
48.30
86.62
44.92
22.25
59.54
70.94
40.34
43.62
67.76
59.13
91.02
66.42
07.32
88.53
59.55
71.45
71.31
86.95
87.26
64.05
92.98
49.80
61.39
00.03
43.41
13.93
97.81
43.08
20.82
66.80
58.41
69.12
53.42
03.33
91.38
12.96
74.27
31.72
56.58
42.03
90.85
47.60
08.44
98.17
36.13
68.00
69.62
07.44
54.95
56.87
71.49
47.93
06.67
32.88
47.96
50.08
46.80
45.78
93.16
67.62
12.58
51.57
36.74
66.00
54.90
28.12
78.95
29.16
59.84
35.53
71.19
50.69
83.13
79.63
48.85
19.26
47.63
18.47
26.69
02.58
75.34
98.18
50.51
82.01
31.05
98.47
32.09
77.86
44.25
25.25
45.48
56.82
76.82
82.22
22.82
31.71
10.34
01.77
60.88
70.18
37.30
32.06
20.87
20.42
11.70
69.73
39.68
59.32
88.20
66.37
61.90
63.54
64.55
12.41
45.55
95.60
10.88
77.65
73.46
55.12
02.90
18.93
11.94
79.72
01.15
34.76
11.43
11.50
36.53
72.30
81.68
73.83
04.37
02.55
94.25
16.06
72.28
33.93
75.39
60.48
00.30
37.29
24.01
64.85
49.69
69.57
60.45
60.57
47.22
33.91
15.69
50.11
52.84
27.64
29.83
53.99
62.40
41.26
65.49
98.93
13.56
47.17
72.76
17.93
49.72
67.01
33.99
22.00
00.94
09.38
82.48
01.24
46.67
06.49
66.09
96.36
76.06
26.54
56.93
23.28
60.45
72.62
73.39
13.29
00.25
03.22
67.28
62.65
44.48
32.77
61.58
58.04
79.94
34.34
75.98
29.67
01.35
09.97
51.67
02.29
19.35
34.15
03.53
66.02
40.65
69.62
62.37
16.71
96.16
19.30
39.99
56.60
91.92
13.38
69.89
92.17
16.60
37.17
54.82
61.08
69.94
16.39
19.12
49.88
50.73
95.10
79.54
52.07
05.07
31.21
54.36
24.42
65.36
57.89
90.43
06.01
27.50
52.81
22.72
23.66
72.11
62.70
80.27
64.02
76.08
50.16
56.19
92.68
87.33
11.01
53.76
57.26
27.40
72.88
07.14
78.13
67.98
86.69
30.20
73.04
17.90
84.56
97.46
83.27
42.45
87.90
89.28
69.95
40.70
11.99
93.61
12.81
74.70
73.88
76.83
50.78
24.04
33.02
43.45
11.37
44.03
97.21
68.63
71.43
70.09
75.77
49.55
38.06
62.46
79.75
11.11
80.36
64.31
08.57
63.63
06.76
96.46
52.91
76.71
37.17
64.90
70.33
49.98
39.60
44.21
26.81
90.38
68.25
59.83
33.83
79.61
03.86
31.04
48.24
75.29
01.13
24.02
24.84
39.19
86.48
04.60
50.30
66.84
68.91
58.87
30.48
75.67
55.33
83.39
52.38
92.49
48.29
22.71
42.47
87.89
66.92
69.28
78.27
35.17
29.11
12.10
14.78
32.98
43.14
63.02
08.27
44.27
87.04
33.11
83.47
73.52
37.70
33.76
40.36
06.61
92.63
70.84
82.28
47.96
54.23
34.66
40.45
02.52
57.37
82.92
90.41
24.29
52.20
68.67
59.46
81.32
80.78
74.24
14.29
23.92
37.26
22.56
68.19
24.30
55.67
51.66
97.82
93.37
85.42
38.18
99.98
78.05
09.02
82.26
26.01
63.25
16.92
66.46
65.76
74.30
49.38
56.17
98.58
01.58
24.85
58.04
82.90
05.62
32.27
97.20
29.54
69.53
19.75
97.73
93.83
75.42
49.38
91.65
68.79
34.80
29.84
68.77
12.85
38.86
51.03
38.86
02.11
67.95
05.32
67.87
42.25
54.70
24.04
40.83
56.29
48.89
98.87
39.19
54.51
31.15
36.38
84.05
00.68
56.14
81.78
94.51
31.56
31.16
86.17
00.35
65.97
16.00
69.12
78.82
54.86
20.15
17.68
56.97
88.10
23.00
24.84
30.35
77.70
48.89
71.18
33.99
97.77
70.05
73.18
52.28
01.20
09.56
36.33
01.88
65.70
18.11
96.40
97.26
49.27
82.56
97.61
15.24
98.56
66.72
94.06
53.42
86.87
11.73
10.39
74.97
34.73
35.24
05.32
12.44
84.12
76.50
46.42
81.90
46.55
19.60
34.18
47.76
29.16
70.51
49.64
94.86
88.62
46.04
92.12
37.90
28.60
89.73
53.13
27.16
56.45
47.19
80.59
43.32
58.92
90.98
18.30
93.66
26.22
23.61
06.09
10.34
00.11
52.51
92.23
46.67
72.12
26.41
94.42
01.28
96.93
44.06
96.14
85.55
90.10
88.26
23.45
18.70
77.99
76.58
45.86
34.45
23.77
26.45
77.77
82.69
17.43
96.07
76.35
43.65
19.68
82.44
53.98
19.80
34.95
46.22
66.46
07.07
72.63
60.88
08.35
69.56
04.94
04.49
55.11
95.04
92.75
78.56
13.74
70.75
55.14
59.60
05.19
78.91
86.04
82.97
61.60
03.47
79.04
37.95
47.12
98.72
20.39
01.10
18.51
55.34
47.32
84.98
62.41
19.95
45.86
70.76
89.51
50.80
75.25
44.62
45.84
68.00
23.18
59.58
38.74
78.33
19.18
43.94
57.24
05.22
26.91
18.85
08.69
05.94
56.80
55.81
04.66
77.19
56.91
23.17
32.53
04.23
08.15
94.94
24.18
54.01
65.70
13.68
04.81
40.95
58.31
50.65
08.94
81.49
10.24
47.69
59.82
29.41
91.63
17.06
34.64
18.53
35.91
43.33
24.47
92.70
99.14
29.13
69.89
56.05
52.30
02.42
60.27
60.45
97.36
84.45
14.46
63.06
98.13
19.27
04.01
56.44
69.93
12.95
37.93
80.16
60.64
97.75
09.58
52.26
14.81
44.21
70.79
50.72
87.54
95.27
43.42
86.68
24.40
13.32
42.73
76.70
15.74
03.00
37.16
13.10
87.45
51.62
76.16
85.58
70.89
80.17
42.03
40.81
93.12
79.96
20.97
53.76
77.71
30.55
06.02
92.52
74.76
76.82
43.25
62.30
72.09
86.67
48.98
96.48
99.99
91.70
73.19
15.72
94.70
10.34
28.82
82.15
61.96
04.99
67.74
32.85
85.16
09.76
73.66
78.28
89.72
94.63
32.04
67.43
25.18
38.07
59.96
99.94
14.89
03.20
62.24
86.97
89.87
11.22
83.45
89.86
02.92
56.64
05.58
97.63
66.98
34.41
79.78
28.94
39.40
47.52
61.79
24.55
57.28
35.45
02.83
47.00
30.08
34.88
14.43
55.26
72.94
74.39
55.21
87.83
77.59
17.45
74.80
67.47
28.67
58.25
57.33
31.59
14.90
62.91
29.21
81.88
97.32
08.99
10.83
36.71
56.51
72.62
61.27
13.79
08.07
64.10
60.79
38.15
98.98
75.23
93.42
71.92
49.62
48.62
59.75
27.21
66.07
34.55
94.68
94.74
92.80
52.01
26.33
07.70
14.92
55.54
89.58
12.24
64.53
00.40
48.95
21.04
73.02
10.22
34.84
81.09
74.32
95.63
19.24
73.30
70.86
12.65
45.22
20.48
61.28
