1000
1
2591794.75
2501817.75
2495039.00
2547741.25
2591254.50
2411922.50
2529846.75
2436885.25
2513705.75
2504363.50
2593409.25
2486130.00
2589475.25
2521438.25
2539926.75
2627150.75
2674073.75
2548773.25
2529680.00
2477815.50
2557777.00
2481588.75
2432332.75
2503969.00
2545075.25
2541920.25
2507287.25
2494418.25
2597511.25
2492551.00
2484842.50
2570019.50
2439075.75
2510109.50
2544266.25
2563088.00
2565784.25
2523017.50
2591650.00
2556738.75
2627269.50
2578000.75
2657749.75
2631045.00
2470117.00
2542579.75
2562840.25
2535525.50
2572708.50
2583711.75
2635058.50
2526094.25
2626341.75
2489814.00
2559779.00
2561281.75
2507383.00
2516625.00
2516889.50
2637210.75
2578804.00
2547293.00
2527800.00
2549030.00
2476843.75
2518131.25
2561262.00
2456093.50
2439832.50
2434707.25
2564764.75
2414445.50
2556448.25
2641810.75
2493008.75
2524993.00
2522684.25
2512855.75
2530426.00
2517062.00
2587672.00
2569376.75
2585474.25
2553985.25
2594345.25
2572218.75
2586958.75
2583828.75
2576727.00
2616818.25
2592451.50
2646651.25
2629484.50
2509727.50
2605343.50
2554819.00
2567060.50
2636911.50
2709286.50
2549462.75
2490097.00
2545885.25
2524031.75
2525528.50
2466398.75
2503372.75
2617114.25
2539014.50
2688995.00
2542639.50
2624095.75
2561001.50
2427875.25
2495245.00
2518808.50
2427626.50
2581556.25
2611144.00
2553497.75
2679241.00
2511335.75
2541638.75
2454927.50
2572962.00
2534534.00
2560140.00
2615943.25
2520629.50
2609064.25
2619007.25
2686716.00
2603882.75
2566219.50
2473307.50
2476293.75
2512350.50
2543118.75
2580692.75
2516431.25
2662622.75
2589441.50
2567367.75
2529065.50
2546350.75
2518649.00
2518249.25
2518313.50
2428652.75
2631154.50
2486072.25
2679315.00
2603154.50
2588776.00
2415355.25
2496272.75
2534185.00
2524314.50
2483218.75
2508955.75
2512680.75
2610374.75
2478096.25
2577485.25
2616101.00
2500324.75
2538746.50
2556625.75
2509587.25
2600190.75
2503947.25
2580361.25
2557669.50
2563808.50
2550225.50
2555389.50
2488961.50
2544143.25
2594942.50
2585747.25
2625932.25
2506459.50
2530656.00
2595166.25
2466254.00
2573566.50
2516382.00
2642357.25
2540134.25
2502197.25
2584715.25
2559377.00
2604485.25
2652368.00
2560295.25
2603004.75
2447803.00
2547875.25
2545427.25
2631948.75
2575780.50
2629216.25
2451189.50
2536808.25
2525859.25
2483785.00
2495622.00
2553148.00
2574993.25
2587904.75
2644464.50
2585915.50
2489854.75
2550057.75
2598140.75
2590543.25
2492449.00
2578424.25
2461043.50
2541996.75
2518027.25
2547742.75
2428428.50
2498141.75
2431824.25
2507358.50
2533972.50
2546949.25
2547806.25
2536495.00
2552039.50
2516065.00
2550291.00
2543315.50
2555172.00
2605221.50
2598623.25
2452643.50
2525691.00
2514041.75
2533128.50
2594566.75
2541722.75
2566682.00
2526180.00
2516729.00
2538394.25
2669641.50
2610099.00
2547793.25
2593335.00
2555890.00
2517517.00
2529472.00
2590116.25
2564156.50
2546611.00
2545241.00
2546026.25
2493229.75
2577263.00
2659650.00
2454514.00
2572809.25
2572782.25
2518845.50
2522110.50
2555406.75
2534897.50
2552515.50
2548090.00
2562450.25
2496469.50
2657873.50
2514618.50
2577053.50
2492926.25
2534063.00
2450433.00
2490130.50
2577015.75
2502588.50
2596597.25
2449585.25
2514939.00
2550318.50
2620846.00
2574577.00
2540695.50
2587116.25
2512397.50
2542011.50
2508054.00
2521747.00
2490835.50
2513630.25
2529396.25
2602633.25
2606791.75
2648330.25
2664022.00
2609466.75
2520500.25
2495676.75
2606389.50
2529798.00
2601606.50
2514633.50
2527964.75
2622822.00
2588541.50
2506532.25
2593572.75
2570117.25
2591459.50
2531452.50
2575919.00
2626342.25
2517760.75
2530947.00
2558507.75
2563944.75
2564744.25
2609137.75
2676161.00
2533458.00
2635474.50
2596867.00
2554603.50
2508623.75
2577027.75
2524973.50
2614016.00
2602872.50
2488840.50
2621080.25
2591891.50
2560140.75
2556645.25
2475454.00
2581986.75
2550773.25
2559721.25
2591729.25
2531800.00
2603545.75
2502032.25
2533912.75
2551749.50
2610312.00
2509631.25
2608797.00
2551183.50
2537254.50
2570819.00
2528976.25
2602521.75
2504767.75
2525437.50
2561864.75
2483053.00
2586560.25
2536511.75
2552048.25
2510212.75
2583121.25
2523826.25
2515054.75
2654592.25
2521704.25
2520481.25
2572600.25
2546507.50
2550608.25
2635787.25
2479097.50
2498964.50
2481019.50
2516176.50
2600608.50
2581831.00
2520780.75
2532501.00
2577764.00
2555770.75
2541756.25
2565338.25
2488413.50
2617225.25
2594003.25
2498791.50
2470208.25
2598451.75
2572458.25
2553148.25
2482512.25
2589571.75
2548446.00
2537667.25
2582238.50
2621385.25
2586781.50
2572953.25
2539416.25
2551829.50
2596507.75
2501669.00
2508880.25
2563251.50
2540777.00
2616919.75
2589774.50
2525059.50
2607385.75
2545828.75
2438421.25
2509957.50
2487979.00
2600546.25
2577503.25
2497900.50
2538103.50
2426159.50
2508875.50
2462107.75
2596583.75
2588541.75
2484946.75
2501286.25
2539349.25
2557023.75
2438775.75
2449918.00
2454896.50
2526389.25
2542359.50
2555903.00
2588988.50
2518127.00
2546962.75
2549720.75
2476517.75
2536692.75
2595293.25
2566069.75
2568662.50
2584318.00
2500664.75
2666639.25
2541314.00
2509456.75
2547078.50
2557767.25
2608924.50
2653167.50
2496599.75
2567119.00
2539566.50
2601420.50
2555105.25
2496027.25
2621202.50
2560808.00
2582660.75
2575577.75
2531571.75
2522298.50
2633141.00
2519218.00
2520288.00
2569501.00
2527227.00
2531338.50
2465297.00
2401487.50
2518236.00
2421919.50
2588211.75
2590493.50
2538194.25
2547874.50
2550964.50
2538408.75
2580334.50
2602888.00
2495259.75
2597267.25
2590230.50
2493336.25
2540107.25
2639582.25
2612527.00
2578400.25
2513325.25
2553070.50
2540479.50
2523360.75
2536154.00
2582594.75
2565743.25
2565261.25
2526705.25
2557367.75
2572221.00
2497432.25
2595393.75
2593839.25
2579761.75
2477464.25
2520821.00
2516787.00
2550998.00
2611103.75
2562887.25
2590071.75
2537371.50
2525622.75
2578276.00
2651352.25
2478546.50
2558440.50
2566808.00
2577137.75
2449379.00
2559892.50
2568553.50
2446749.75
2597046.00
2613825.75
2510846.00
2486230.25
2510368.25
2564919.25
2641784.50
2530839.75
2550616.00
2521112.50
2501309.75
2523393.00
2488697.75
2522235.00
2475142.75
2604505.50
2513820.75
2516698.00
2667817.75
2488167.00
2517226.50
2566013.00
2575622.00
2652710.00
2574258.25
2641541.25
2565169.50
2565540.50
2599218.25
2479414.75
2654394.25
2542328.25
2478987.75
2539784.00
2591472.25
2509973.25
2449261.75
2557514.00
2577040.50
2525240.50
2506952.50
2472846.50
2542411.25
2454374.25
2507539.25
2586541.50
2560754.75
2480072.00
2610872.00
2397279.75
2611013.75
2540594.25
2553393.00
2531225.50
2488836.00
2575906.50
2606541.25
2599223.75
2517604.25
2531408.00
2488319.50
2580528.00
2499296.25
2605172.25
2637513.50
2605295.50
2602284.50
2580363.75
2487071.00
2698430.25
2555668.75
2516850.25
2650066.00
2501719.50
2571452.75
2538358.25
2538829.00
2611777.50
2540407.00
2511442.75
2499935.50
2529464.50
2544222.50
2562663.00
2620363.00
2643273.75
2677527.75
2647155.00
2552555.50
2504424.25
2550079.00
2434714.50
2418223.50
2504035.50
2517916.50
2515505.50
2609209.50
2553291.25
2606649.25
2568132.00
2655569.00
2482818.75
2545497.00
2590570.25
2527457.25
2599588.50
2558651.50
2547128.00
2452938.75
2537668.50
2433069.50
2561733.00
2590396.50
2508815.25
2490977.00
2508140.25
2538378.00
2634958.75
2581021.25
2534717.25
2594332.25
2523777.00
2518468.00
2552152.00
2449521.00
2489967.25
2518675.75
2565751.75
2490886.00
2482274.00
2446935.75
2560741.25
2663188.25
2590029.50
2478000.50
2556865.50
2511571.75
2580969.00
2439620.50
2573466.25
2504697.75
2560053.00
2497868.00
2530550.25
2491540.00
2486403.75
2586869.75
2658466.75
2576985.75
2582682.25
2541442.25
2541404.50
2546544.50
2531826.25
2462914.75
2564426.50
2533816.50
2570825.75
2597045.50
2515235.00
2526018.00
2600014.50
2609064.25
2480536.25
2634096.00
2535845.50
2469630.00
2523715.50
2626867.75
2544571.75
2505275.50
2528561.50
2543979.25
2517993.00
2647150.75
2465508.50
2501040.75
2504547.00
2561404.50
2520511.00
2608189.00
2484615.25
2461099.50
2631088.25
2495621.00
2515579.00
2478675.50
2549874.75
2518033.00
2660401.00
2642534.00
2532828.50
2564408.00
2619675.50
2638903.00
2451202.00
2583529.00
2473206.00
2485365.25
2567338.00
2401549.75
2500880.00
2590970.50
2560474.25
2667270.50
2584226.25
2479656.00
2468735.00
2433449.75
2584339.75
2532382.75
2540542.00
2553016.50
2553739.50
2633136.75
2418389.25
2611549.25
2598533.00
2530502.50
2520042.25
2634682.25
2549713.75
2521906.00
2607336.75
2615700.25
2562786.00
2534529.50
2573961.50
2549403.50
2526850.00
2515541.25
2562060.50
2603396.50
2484481.25
2624158.50
2525384.25
2570854.25
2587381.00
2591717.25
2500362.00
2646558.75
2622384.50
2487914.75
2525591.50
2510749.75
2634371.50
2569328.25
2593893.25
2619222.50
2569851.75
2452738.50
2546542.25
2433742.25
2583462.25
2522251.00
2552938.50
2548685.50
2555952.25
2593504.75
2581346.25
2535616.75
2531382.75
2564239.75
2466083.25
2493243.50
2625539.25
2522766.75
2528247.00
2563639.25
2509275.75
2591125.00
2666566.75
2602885.50
2464579.75
2508327.50
2596104.75
2484378.75
2546859.25
2536903.00
2407990.00
2611607.50
2514242.25
2537572.75
2557544.75
2549147.50
2611848.25
2538452.50
2537150.00
2496161.25
2621332.50
2535709.25
2533104.25
2553608.25
2496601.50
2603113.75
2539325.25
2546481.50
2564359.25
2519483.50
2536642.75
2541181.25
2569321.00
2435671.50
2551121.25
2585739.75
2686001.00
2560801.25
2523670.00
2475042.00
2556102.25
2520013.50
2552569.75
2479888.75
2570413.00
2533289.50
2645200.25
2535530.75
2588026.50
2566185.50
2561652.25
2629511.00
2480387.00
2501712.50
2525584.50
2611467.00
2537999.75
2565310.25
2522695.00
2571187.25
2606994.00
2611930.00
2566258.50
2617608.75
2579977.25
2614591.25
2507634.75
2465130.25
2549730.50
2514745.50
2537943.75
2537287.25
2588660.75
2581116.75
2640671.25
2523029.25
2476808.00
2445267.50
2565348.75
2551193.75
2610676.75
2498165.75
2549946.25
2501685.75
2629812.75
2575813.25
2567413.75
2609368.75
2478702.50
2568356.25
2512210.50
2510837.00
2550499.75
2610935.50
2545653.00
2555961.75
2588233.00
2567861.50
2675456.25
2471016.25
2546050.75
2534110.00
2646937.75
2449046.75
2540949.25
2612372.75
2591610.50
2580474.25
2474944.00
2554018.25
2508072.00
2592648.50
2632439.00
2422258.50
2616809.00
2614881.00
2511701.25
2501771.25
2550460.25
2563548.00
2501321.00
2505386.50
2510540.25
2511897.50
2585517.75
2508475.00
2531919.50
2517359.25
2552478.50
2443356.75
2484522.50
2526754.75
2644635.00
2549490.25
2541920.25
2532066.75
2510840.50
2614102.25
2489300.75
2525254.25
2620800.25
2557119.00
2521928.50
2566642.25
2519516.25
2528837.00
2513490.75
2558407.75
2520653.25
2586574.50
2502953.00
2586109.50
2491077.00
2534518.50
2580191.00
2457951.75
2542014.00
2581296.50
2474816.75
2477927.75
2509062.50
2470323.50
2563504.50
2537803.25
2592242.00
2481321.75
2504990.00
2585862.75
2554134.50
2673455.75
2537405.25
2620418.00
2484497.00
2534629.25
2447490.75
2547171.25
2525330.50
2516431.50
2556926.50
2593245.00
2597705.25
2581411.50
2493703.00
2612495.25
2514095.00
2572021.25
2597904.25
2559925.00
2552987.50
2563499.25
2606313.50
2433833.50
2453717.75
2564070.00
2588318.75
2509721.00
2485771.25
2509730.00
2608519.25
2561874.25
2565331.50
2599364.00
2627838.50
2548144.00
2527152.50
